36 127 300
43 127 280
52 127 580
31 127 280
38 127 280
47 127 560
33 127 300
40 127 280
48 127 580
28 127 280
35 127 280
43 127 560
29 127 300
36 127 280
45 127 580
26 127 280
31 127 280
40 127 560
29 127 300
36 127 280
45 127 580
31 127 280
38 127 280
47 127 560
36 127 300
43 127 280
52 127 580
31 127 280
38 127 280
47 127 560
33 127 300
40 127 280
48 127 580
28 127 280
35 127 280
43 127 560
29 127 300
36 127 280
45 127 580
26 127 300
31 127 280
40 127 560
29 127 300
36 127 280
45 127 580
31 127 280
38 127 280
47 127 560