67 127 200
64 127 40
65 127 40
67 127 200
64 127 40
65 127 40
67 127 40
55 127 40
57 127 40
59 127 40
60 127 40
62 127 40
64 127 40
65 127 40
64 127 200
60 127 40
62 127 40
64 127 200
52 127 40
53 127 40
55 127 40
57 127 40
55 127 40
53 127 40
55 127 40
60 127 40
59 127 40
60 127 40
57 127 200
60 127 40
59 127 40
57 127 200
55 127 40
53 127 40
55 127 40
53 127 40
52 127 40
53 127 40
55 127 40
57 127 40
59 127 40
60 127 40
57 127 200
60 127 40
59 127 40
60 127 200
59 127 40
60 127 40
59 127 40
57 127 40
59 127 40
60 127 40
62 127 40
64 127 40
65 127 40
67 127 40
67 127 200
64 127 40
65 127 40
67 127 200
64 127 40
65 127 40
67 127 40
55 127 40
57 127 40
59 127 40
60 127 40
62 127 40
64 127 40
65 127 40
64 127 200
60 127 40
62 127 40
64 127 200
52 127 40
53 127 40
55 127 40
57 127 40
55 127 40
53 127 40
55 127 40
60 127 40
59 127 40
60 127 40
57 127 200
60 127 40
59 127 40
57 127 200
55 127 40
53 127 40
55 127 40
53 127 40
52 127 40
53 127 40
55 127 40
57 127 40
59 127 40
60 127 40
57 127 200
60 127 40
59 127 40
60 127 200
59 127 40
57 127 40
59 127 40
60 127 40
62 127 40
60 127 40
59 127 40
60 127 40
57 127 40
59 127 40
60 127 480
