67 127 300
64 127 140
65 127 140
67 127 300
64 127 140
65 127 140
67 127 140
55 127 140
57 127 140
59 127 140
60 127 140
62 127 140
64 127 140
65 127 140
64 127 300
60 127 140
62 127 140
64 127 300
52 127 140
53 127 140
55 127 140
57 127 140
55 127 140
53 127 140
55 127 140
60 127 140
59 127 140
60 127 140
57 127 300
60 127 140
59 127 140
57 127 300
55 127 140
53 127 140
55 127 140
53 127 140
52 127 140
53 127 140
55 127 140
57 127 140
59 127 140
60 127 140
57 127 300
60 127 140
59 127 140
60 127 300
59 127 140
60 127 140
59 127 140
57 127 140
59 127 140
60 127 140
62 127 140
64 127 140
65 127 140
67 127 140
67 127 300
64 127 140
65 127 140
67 127 300
64 127 140
65 127 140
67 127 140
55 127 140
57 127 140
59 127 140
60 127 140
62 127 140
64 127 140
65 127 140
64 127 300
60 127 140
62 127 140
64 127 300
52 127 140
53 127 140
55 127 140
57 127 140
55 127 140
53 127 140
55 127 140
60 127 140
59 127 140
60 127 140
57 127 300
60 127 140
59 127 140
57 127 300
55 127 140
53 127 140
55 127 140
53 127 140
52 127 140
53 127 140
55 127 140
57 127 140
59 127 140
60 127 140
57 127 300
60 127 140
59 127 140
60 127 300
59 127 140
57 127 140
59 127 140
60 127 140
62 127 140
60 127 140
59 127 140
60 127 140
57 127 140
59 127 140
60 127 580
